2
0
0.0
2
1.042
4
1.2321
6
0.3846
8
0.44460000000000005
10
0.6464
12
1.8709
14
2.3209
16
1.7174000000000003
18
2.2079
20
3.9705
22
4.8031
24
6.9648
26
2.9789
28
4.1083
30
4.2427
32
5.6521
34
49.8659
36
5.2964
38
6.1766
40
5.9312
42
6.561
44
7.4122
46
8.2593
48
8.8103
50
9.9466
52
10.2514
54
11.2177
56
12.1818
58
13.075599999999998
60
13.9638
62
14.985400000000002
64
15.8791
66
16.9303
68
18.7152
70
19.3813
72
20.5791
74
22.064
76
23.095
78
26.7676
80
25.4106
82
26.886100000000003
84
27.7084
86
30.3386
88
30.831800000000005
90
32.8644
92
34.1667
94
35.7229
96
37.579
98
38.3161
100
40.5399
102
41.5371
104
44.1363
106
45.9762
108
47.4939
110
49.5834
112
51.6664
114
54.4436
116
57.18099999999999
118
58.4043
120
60.17990000000001
122
64.9251
124
64.7061
126
66.9567
128
67.9488
130
70.4232
132
73.4426
134
76.42
136
78.4136
138
81.7911
140
80.876
142
86.0666
144
85.7861
146
89.831
148
92.0542
150
96.4966
152
97.7781
154
98.8554
156
103.0402
158
104.8669
160
107.8032
162
116.9152
164
115.9425
166
117.1133
168
121.73190000000001
170
123.72229999999999
172
128.5131
174
132.8735
176
139.4552
178
137.7753
180
140.9103
182
152.3944
184
153.2123
186
157.5804
188
151.5268
190
156.9774
192
159.966
194
164.569
196
167.6263
198
171.1717
200
176.8252
202
180.3997
204
181.0337
206
189.6153
208
192.4932
210
197.1847
212
205.1955
214
209.74459999999996
216
215.47619999999998
218
214.6596
220
217.7397
222
225.4429
224
223.18960000000004
226
229.3749
228
238.41459999999998
230
243.9454
232
248.4877
234
264.5522
236
263.6921
238
273.8206
240
273.7022
242
315.9747
244
286.7886
246
301.1553
248
301.0399
250
293.9975
252
304.4154
254
305.532
256
309.3567
258
315.2764
260
318.0119
262
322.9578
264
331.576
266
344.6014
268
343.1303
270
350.6994
272
373.0106
274
442.18709999999993
276
363.1712
278
394.1001
280
371.9083
282
378.8817
284
382.968
286
407.85549999999995
288
393.9139
290
506.51
292
442.6882
294
415.9661
296
418.15090000000004
298
418.9139
300
492.5396
302
460.3841
304
437.9386
306
452.63859999999994
308
444.2053
310
462.0
312
455.2757
314
478.6678
316
475.51129999999995
318
473.7123
320
477.39500000000004
322
490.4076
324
495.54080000000005
326
502.9444
328
509.3929
330
522.7858
332
525.2201
334
533.6115
336
545.1847
338
555.3291
340
550.2664
342
551.5351
344
561.4895
346
579.0006
348
577.4958
350
603.166
352
677.5723
354
592.3103
356
607.4526
358
619.3657
360
617.618
362
620.6014
364
630.4823
366
636.0748
368
639.3026
370
657.1531
372
656.6554
374
671.6128
376
680.401
378
700.8269
380
752.2912
382
712.5475
384
712.8732
386
723.802
388
722.8159
390
740.1301
392
759.092
394
748.876
396
764.1912
398
774.7698
400
781.3228
402
778.5728
404
783.5772
406
0.0
408
0.0
410
0.0
412
0.0
414
0.0
416
0.0
418
0.0
420
0.0
422
0.0
424
0.0
426
0.0
428
0.0
430
0.0
432
0.0
434
0.0
436
0.0
438
0.0
440
0.0
442
0.0
444
0.0
446
0.0
448
0.0
450
0.0
452
0.0
454
0.0
456
0.0
458
0.0
460
0.0
462
0.0
464
0.0
466
0.0
468
0.0
470
0.0
472
0.0
474
0.0
476
0.0
478
0.0
480
0.0
482
0.0
484
0.0
486
0.0
488
0.0
490
0.0
492
0.0
494
0.0
496
0.0
498
0.0
500
0.0
502
0.0
504
0.0
506
0.0
508
0.0
510
0.0
512
0.0
514
0.0
516
0.0
518
0.0
520
0.0
522
0.0
524
0.0
526
0.0
528
0.0
530
0.0
532
0.0
534
0.0
536
0.0
538
0.0
540
0.0
542
0.0
544
0.0
546
0.0
548
0.0
550
0.0
552
0.0
554
0.0
556
0.0
558
0.0
560
0.0
562
0.0
564
0.0
566
0.0
568
0.0
570
0.0
572
0.0
574
0.0
576
0.0
578
0.0
580
0.0
582
0.0
584
0.0
586
0.0
588
0.0
590
0.0
592
0.0
594
0.0
596
0.0
598
0.0
600
0.0
602
0.0
604
0.0
606
0.0
608
0.0
610
0.0
612
0.0
614
0.0
616
0.0
618
0.0
620
0.0
622
0.0
624
0.0
626
0.0
628
0.0
630
0.0
632
0.0
634
0.0
636
0.0
638
0.0
640
0.0
642
0.0
644
0.0
646
0.0
648
0.0
650
0.0
652
0.0
654
0.0
656
0.0
658
0.0
660
0.0
662
0.0
664
0.0
666
0.0
668
0.0
670
0.0
672
0.0
674
0.0
676
0.0
678
0.0
680
0.0
682
0.0
684
0.0
686
0.0
688
0.0
690
0.0
692
0.0
694
0.0
696
0.0
698
0.0
700
0.0
702
0.0
704
0.0
706
0.0
708
0.0
710
0.0
712
0.0
714
0.0
716
0.0
718
0.0
720
0.0
722
0.0
724
0.0
726
0.0
728
0.0
730
0.0
732
0.0
734
0.0
736
0.0
738
0.0
740
0.0
742
0.0
744
0.0
746
0.0
748
0.0
750
0.0
752
0.0
754
0.0
756
0.0
758
0.0
760
0.0
762
0.0
764
0.0
766
0.0
768
0.0
770
0.0
772
0.0
774
0.0
776
0.0
778
0.0
780
0.0
782
0.0
784
0.0
786
0.0
788
0.0
790
0.0
792
0.0
794
0.0
796
0.0
798
0.0
800
0.0
802
0.0
804
0.0
806
0.0
808
0.0
810
0.0
812
0.0
814
0.0
816
0.0
818
0.0
820
0.0
822
0.0
824
0.0
826
0.0
828
0.0
830
0.0
832
0.0
834
0.0
836
0.0
838
0.0
840
0.0
842
0.0
844
0.0
846
0.0
848
0.0
850
0.0
852
0.0
854
0.0
856
0.0
858
0.0
860
0.0
862
0.0
864
0.0
866
0.0
868
0.0
870
0.0
872
0.0
874
0.0
876
0.0
878
0.0
880
0.0
882
0.0
884
0.0
886
0.0
888
0.0
890
0.0
892
0.0
894
0.0
896
0.0
898
0.0
900
0.0
902
0.0
904
0.0
906
0.0
908
0.0
910
0.0
912
0.0
914
0.0
916
0.0
918
0.0
920
0.0
922
0.0
924
0.0
926
0.0
928
0.0
930
0.0
932
0.0
934
0.0
936
0.0
938
0.0
940
0.0
942
0.0
944
0.0
946
0.0
948
0.0
950
0.0
952
0.0
954
0.0
956
0.0
958
0.0
960
0.0
962
0.0
964
0.0
966
0.0
968
0.0
970
0.0
972
0.0
974
0.0
976
0.0
978
0.0
980
0.0
982
0.0
984
0.0
986
0.0
988
0.0
990
0.0
992
0.0
994
0.0
996
0.0
998
0.0
1000
0.0
1002
0.0
1004
0.0
1006
0.0
1008
0.0
1010
0.0
1012
0.0
1014
0.0
1016
0.0
1018
0.0
1020
0.0
1022
0.0
1024
0.0
1026
0.0
1028
0.0
1030
0.0
1032
0.0
1034
0.0
1036
0.0
1038
0.0
1040
0.0
1042
0.0
1044
0.0
1046
0.0
1048
0.0
1050
0.0
1052
0.0
1054
0.0
1056
0.0
1058
0.0
1060
0.0
1062
0.0
1064
0.0
1066
0.0
1068
0.0
1070
0.0
1072
0.0
1074
0.0
1076
0.0
1078
0.0
1080
0.0
1082
0.0
1084
0.0
1086
0.0
1088
0.0
1090
0.0
1092
0.0
1094
0.0
1096
0.0
1098
0.0
1100
0.0
1102
0.0
1104
0.0
1106
0.0
1108
0.0
1110
0.0
1112
0.0
1114
0.0
1116
0.0
1118
0.0
1120
0.0
1122
0.0
1124
0.0
1126
0.0
1128
0.0
1130
0.0
1132
0.0
1134
0.0
1136
0.0
1138
0.0
1140
0.0
1142
0.0
1144
0.0
1146
0.0
1148
0.0
1150
0.0
1152
0.0
1154
0.0
1156
0.0
1158
0.0
1160
0.0
1162
0.0
1164
0.0
1166
0.0
1168
0.0
1170
0.0
1172
0.0
1174
0.0
1176
0.0
1178
0.0
1180
0.0
1182
0.0
1184
0.0
1186
0.0
1188
0.0
1190
0.0
1192
0.0
1194
0.0
1196
0.0
1198
0.0
