2
0
0.0
2
0.22669999999999998
4
0.5661
6
0.1478
8
0.1664
10
0.2521
12
0.2928
14
0.3447
16
0.3728
18
0.5143
20
0.3532
22
0.4228
24
0.43299999999999994
26
1.0738
28
0.5525
30
0.5879
32
0.6325
34
1.1359
36
0.7692
38
0.9905
40
0.9154000000000001
42
1.2309
44
1.0178
46
1.0929
48
1.3183
50
1.3637
52
1.3552
54
1.4083
56
1.7167
58
1.5812
60
1.6668000000000003
62
1.7957
64
1.825
66
1.9142
68
2.0424
70
2.1244
72
2.2508
74
3.1344999999999996
76
2.6307
78
2.5267
80
2.6329
82
2.9436
84
3.9321999999999995
86
2.973
88
3.1458
90
3.173
92
3.5276
94
4.0523
96
3.5209000000000006
98
3.6871999999999994
100
3.8388
102
4.0466
104
4.0421
106
4.3703
108
4.4074
110
4.6323
112
4.7373
114
5.3677
116
4.9962
118
5.2267
120
5.2312
122
5.3763
124
5.6016
126
5.712
128
5.9177
130
5.9032
132
6.2722
134
6.2848
136
7.789399999999999
138
6.5983
140
6.792199999999999
142
7.0808
144
7.234100000000001
146
8.725
148
7.5015
150
8.6078
152
8.7517
154
8.2179
156
9.1879
158
8.5406
160
8.6804
162
9.0596
164
9.1007
166
9.4062
168
9.6117
170
9.6315
172
9.8425
174
10.139
176
11.2618
178
10.3153
180
10.5546
182
11.9705
184
10.8836
186
11.4206
188
11.3809
190
11.5172
192
12.2018
194
12.604
196
12.4133
198
12.5896
200
12.823100000000002
202
12.8608
204
13.433200000000001
206
13.6522
208
13.8178
210
14.066300000000002
212
14.655399999999998
214
14.3853
216
14.750399999999999
218
14.9272
220
15.1162
222
15.417300000000001
224
15.529500000000002
226
15.8419
228
16.0891
230
16.5751
232
16.6795
234
16.9205
236
17.9325
238
17.7222
240
17.9284
242
18.0732
244
18.2817
246
18.6688
248
19.2912
250
20.7239
252
19.9246
254
20.5246
256
20.5877
258
20.5204
260
20.7633
262
21.1422
264
21.0954
266
21.4914
268
22.4021
270
21.857
272
23.4114
274
22.7272
276
23.5667
278
23.0853
280
23.3493
282
23.788
284
24.1379
286
24.9578
288
26.972600000000003
290
25.2253
292
25.649
294
26.709
296
25.9371
298
26.3802
300
26.670899999999996
302
28.548299999999998
304
27.5069
306
28.534
308
27.996
310
28.600900000000003
312
28.8707
314
29.9672
316
30.551300000000005
318
30.400700000000004
320
30.1724
322
36.7465
324
31.1028
326
32.0546
328
31.9475
330
32.5161
332
34.7219
334
33.0271
336
34.4897
338
33.4479
340
34.1264
342
34.4664
344
35.2999
346
35.4787
348
35.507
350
35.9585
352
36.56
354
36.5265
356
38.4959
358
38.0281
360
37.9774
362
38.1496
364
38.5819
366
39.0821
368
39.6728
370
39.9923
372
40.5082
374
40.5938
376
41.2822
378
41.6898
380
42.1025
382
42.7908
384
42.5819
386
43.1836
388
44.0699
390
43.9197
392
44.4172
394
45.3106
396
45.9013
398
46.2373
400
46.5325
402
51.6773
404
47.156
406
48.3644
408
49.104
410
48.9063
412
49.1627
414
49.7221
416
50.0662
418
50.9379
420
51.8679
422
53.42009999999999
424
55.739
426
52.0108
428
53.73899999999999
430
53.739599999999996
432
53.9142
434
55.1386
436
55.0731
438
55.7117
440
56.3283
442
56.4301
444
57.1848
446
57.0592
448
62.23839999999999
450
59.2693
452
59.0859
454
59.3998
456
60.1387
458
60.5923
460
60.864200000000004
462
61.34499999999999
464
62.193799999999996
466
62.5571
468
63.3159
470
63.6975
472
64.1679
474
64.9958
476
66.209
478
66.4915
480
66.8766
482
68.977
484
68.6726
486
68.7113
488
69.1183
490
70.4482
492
71.4037
494
71.5739
496
72.9917
498
72.8633
500
72.312
502
74.0449
504
73.6404
506
73.7461
508
74.8526
510
78.216
512
79.2137
514
78.0605
516
80.0109
518
77.5513
520
80.6403
522
79.7058
524
81.2537
526
80.4962
528
81.8737
530
82.501
532
83.0044
534
84.287
536
87.6496
538
88.0013
540
85.2578
542
86.1572
544
86.3681
546
88.5379
548
87.3545
550
88.6271
552
89.0157
554
90.8871
556
90.4777
558
91.0582
560
93.132
562
92.9624
564
93.9601
566
93.9676
568
94.0564
570
97.1512
572
115.9496
574
142.5385
576
103.01450000000001
578
98.8794
580
101.6785
582
102.1228
584
100.1872
586
100.8332
588
102.34689999999999
590
104.34360000000001
592
104.9965
594
104.7163
596
106.4026
598
108.2591
600
107.71810000000002
602
108.0734
604
112.62140000000001
606
107.287
608
110.63579999999999
610
109.2279
612
110.6712
614
111.4867
616
110.44709999999999
618
114.1276
620
113.699
622
115.34149999999998
624
117.99889999999999
626
120.70569999999998
628
120.4757
630
117.56549999999999
632
120.489
634
121.07110000000002
636
119.43109999999999
638
121.1117
640
120.6167
642
121.7095
644
124.24469999999998
646
126.78669999999998
648
124.1475
650
127.5104
652
133.1747
654
128.2779
656
127.7253
658
127.5954
660
129.7765
662
130.1967
664
131.04
666
135.7288
668
133.4861
670
138.5023
672
134.0915
674
135.236
676
135.7438
678
143.6763
680
149.4218
682
142.8158
684
142.4309
686
138.7937
688
142.2057
690
143.7838
692
143.8586
694
144.016
696
146.1069
698
150.0667
700
147.5078
702
146.6525
704
150.8902
706
151.27
708
151.0717
710
156.4185
712
153.6943
714
151.9226
716
153.9207
718
159.1769
720
155.7665
722
156.5329
724
158.4593
726
162.258
728
182.2124
730
161.6581
732
160.1361
734
160.9963
736
168.0387
738
166.0204
740
165.6383
742
168.8084
744
169.381
746
169.9303
748
167.9426
750
171.7693
752
172.084
754
171.2851
756
170.9252
758
174.4722
760
177.1265
762
174.0253
764
176.5897
766
178.3989
768
178.5506
770
177.9311
772
181.5481
774
181.3656
776
186.0353
778
181.3086
780
185.6863
782
187.7542
784
184.1749
786
186.7045
788
191.6357
790
187.9611
792
191.3381
794
194.9284
796
193.1676
798
196.7793
800
194.1085
802
195.0621
804
195.7929
806
197.2744
808
202.774
810
203.33930000000004
812
203.46889999999996
814
203.3205
816
205.70170000000002
818
202.6188
820
206.73560000000003
822
212.7466
824
209.8413
826
207.36529999999996
828
209.1633
830
209.14130000000003
832
210.948
834
212.68350000000004
836
218.84829999999997
838
216.3772
840
216.52
842
216.21129999999997
844
219.8699
846
218.3589
848
224.85079999999996
850
225.2071
852
223.20349999999996
854
293.1945
856
226.2842
858
223.22159999999997
860
227.13829999999996
862
233.26639999999998
864
231.5292
866
228.1329
868
233.7345
870
237.36090000000002
872
237.5278
874
240.28079999999997
876
238.6752
878
240.5564
880
240.47320000000002
882
242.1783
884
241.0519
886
240.9721
888
243.38409999999996
890
242.7538
892
246.927
894
249.04139999999998
896
248.4481
898
253.0093
900
251.95729999999998
902
254.4344
904
255.68709999999996
906
252.95709999999997
908
262.06
910
255.4423
912
260.8106
914
258.5139
916
257.2457
918
259.4254
920
271.7227
922
264.7331
924
268.4774
926
267.3703
928
268.2239
930
268.6825
932
275.9969
934
276.4457
936
273.0057
938
273.0815
940
275.5378
942
274.6478
944
276.617
946
280.5543
948
282.829
950
282.4471
952
281.5238
954
287.045
956
292.3333
958
285.3161
960
288.6952
962
294.2787
964
296.0983
966
295.6404
968
295.5204
970
295.9476
972
297.4006
974
300.4461
976
300.5735
978
300.628
980
307.7064
982
302.9028
984
302.1338
986
303.7896
988
306.4818
990
326.3332
992
312.8644
994
310.7347
996
312.4847
998
314.6168
1000
315.8104
1002
316.2265
1004
321.7233
1006
316.8805
1008
321.1942
1010
321.6954
1012
322.8026
1014
328.5106
1016
327.8135
1018
327.0574
1020
329.4938
1022
327.2232
1024
334.03
1026
332.0241
1028
335.829
1030
344.5595
1032
335.6664
1034
344.2108
1036
338.1626
1038
341.6889
1040
343.454
1042
342.7722
1044
343.9682
1046
347.6929
1048
349.1387
1050
448.65729999999996
1052
354.2727
1054
350.5729
1056
350.464
1058
357.7122
1060
359.8594
1062
360.155
1064
358.0206
1066
363.721
1068
361.635
1070
365.1495
1072
365.0445
1074
366.0195
1076
370.3822
1078
370.8268
1080
367.9032
1082
379.6928
1084
378.8167
1086
378.1301
1088
392.2728
1090
389.1361
1092
383.6531
1094
379.0753
1096
381.3082
1098
393.4746
1100
392.6483
1102
388.6969
1104
397.2657
1106
394.629
1108
390.4593
1110
394.1221
1112
394.6561
1114
414.829
1116
403.9541
1118
405.6353
1120
406.2604
1122
410.4023000000001
1124
406.046
1126
410.47779999999995
1128
408.5369
1130
407.7996
1132
411.4293
1134
411.7013
1136
418.7543
1138
418.19329999999997
1140
415.92359999999996
1142
420.4588
1144
420.8947999999999
1146
424.8651
1148
424.8011
1150
423.9295
1152
433.83450000000005
1154
426.90200000000004
1156
428.75249999999994
1158
434.069
1160
430.8261
1162
437.9915
1164
435.3168
1166
439.475
1168
440.7446
1170
445.791
1172
442.5897
1174
447.39930000000004
1176
446.53400000000005
1178
449.63610000000006
1180
550.478
1182
459.8835
1184
455.19179999999994
1186
462.6007
1188
458.8112
1190
467.7657
1192
463.75470000000007
1194
468.1134
1196
460.0463
1198
467.60630000000003
