2
0
0.0
2
0.3929
4
1.6217
6
0.9788
8
0.8536999999999999
10
2.4825
12
1.4199
14
1.6931000000000003
16
2.4791
18
2.3096
20
3.1369000000000002
22
2.8459
24
3.5101
26
3.7038
28
4.0091
30
3.9629
32
4.8925
34
4.6785
36
5.4208
38
6.0724
40
8.1951
42
9.013
44
9.3633
46
10.16
48
10.0502
50
12.1547
52
11.1926
54
11.8057
56
12.1339
58
12.9653
60
12.751400000000002
62
13.354100000000003
64
13.869699999999998
66
15.200700000000001
68
17.8323
70
18.03
72
18.7881
74
19.3413
76
19.7642
78
20.5267
80
21.2268
82
21.6511
84
22.6379
86
23.5238
88
23.0263
90
24.0679
92
26.1401
94
25.0432
96
16.9775
98
17.1437
100
17.0549
102
14.5374
104
15.623900000000003
106
14.761199999999999
108
15.088299999999998
110
15.4063
112
15.7642
114
16.0997
116
16.3809
118
16.7532
120
16.9647
122
17.2818
124
17.5194
126
18.0547
128
18.244
130
18.7959
132
18.9672
134
19.3482
136
19.5691
138
21.3326
140
20.3872
142
20.5703
144
21.076
146
21.4299
148
21.6487
150
22.5188
152
22.4036
154
22.9407
156
23.0712
158
23.2768
160
23.7146
162
23.9971
164
25.7181
166
24.5322
168
25.098299999999995
170
25.226
172
26.8048
174
26.136300000000002
176
26.359899999999996
178
26.9576
180
27.9773
182
29.164299999999997
184
29.947399999999995
186
28.4167
188
29.2991
190
28.959399999999995
192
29.3061
194
29.8238
196
29.69
198
30.1279
200
31.204899999999995
202
31.7976
204
33.7328
206
32.3252
208
34.4464
210
32.6746
212
32.3874
214
33.3784
216
33.6173
218
34.0512
220
34.3565
222
35.7207
224
34.1905
226
34.605
228
34.9279
230
35.8982
232
36.8589
234
37.6796
236
36.3548
238
38.7015
240
37.1068
242
37.5494
244
37.8521
246
38.9298
248
39.4764
250
38.8501
252
40.6379
254
38.9933
256
39.4978
258
40.04
260
40.3385
262
41.9687
264
41.5197
266
42.6307
268
42.1413
270
42.5277
272
42.9387
274
44.0284
276
43.3293
278
44.0673
280
46.5672
282
44.5624
284
44.8532
286
45.1128
288
46.3873
290
45.8426
292
47.4744
294
48.1311
296
47.3432
298
47.7935
300
48.19
302
48.3632
304
50.037200000000006
306
48.853
308
49.3063
310
49.701
312
51.503
314
50.1627
316
51.668400000000005
318
51.1542
320
51.102599999999995
322
51.4904
324
53.412000000000006
326
53.5478
328
52.842800000000004
330
53.1966
332
53.5055
334
54.4795
336
55.91550000000001
338
55.364000000000004
340
54.99889999999999
342
55.0578
344
55.83709999999999
346
57.2094
348
56.9572
350
57.3332
352
56.62350000000001
354
58.079800000000006
356
59.9427
358
57.877100000000006
360
58.1013
362
59.2891
364
59.3638
366
62.4007
368
60.1298
370
60.02620000000001
372
60.461
374
61.433899999999994
376
64.0235
378
61.43719999999999
380
62.04569999999999
382
62.4818
384
66.7876
386
64.2031
388
63.3757
390
63.8002
392
64.2377
394
66.5459
396
65.6909
398
65.5335
400
66.3828
402
69.3627
404
66.4137
406
66.6413
408
67.4402
410
69.2112
412
68.7566
414
68.5632
416
68.7261
418
70.423
420
70.4322
422
69.8667
424
69.8445
426
72.0627
428
70.988
430
70.7338
432
71.0725
434
72.8102
436
73.9716
438
72.5498
440
72.8847
442
75.1125
444
74.0063
446
75.7375
448
74.9698
450
77.3615
452
76.2591
454
76.4387
456
76.1933
458
77.9254
460
77.6694
462
76.7645
464
78.6984
466
78.0137
468
78.0173
470
78.1768
472
80.8227
474
78.6341
476
80.3403
478
82.3149
480
80.3455
482
80.6052
484
81.2293
486
83.3535
488
81.2904
490
81.6472
492
84.1447
494
84.5811
496
82.4452
498
84.0346
500
85.0474
502
84.0909
504
86.3586
506
87.1342
508
84.3169
510
86.4152
512
86.4354
514
87.1472
516
87.7536
518
88.5747
520
87.0416
522
88.2593
524
87.9106
526
90.9288
528
89.9364
530
91.4653
532
91.8318
534
90.2706
536
89.7557
538
92.7401
540
91.1668
542
91.5491
544
94.6069
546
92.7146
548
92.7025
550
94.1022
552
93.6601
554
94.435
556
97.0751
558
94.9927
560
96.3304
562
98.326
564
96.259
566
96.4083
568
98.9062
570
96.3291
572
97.1738
574
100.28099999999999
576
98.0169
578
98.7227
580
101.6519
582
99.1472
584
101.3379
586
99.5522
588
100.78540000000001
590
102.9538
592
102.56259999999999
594
103.5544
596
105.8408
598
103.4082
600
102.7846
602
105.14049999999999
604
105.2361
606
105.72329999999998
608
104.84499999999998
610
104.8229
612
108.48599999999999
614
106.94319999999999
616
107.7046
618
110.1913
620
108.4093
622
109.9156
624
107.8024
626
108.17839999999998
628
110.4142
630
110.07279999999999
632
113.47
634
109.424
636
109.0333
638
111.6206
640
110.4401
642
113.78279999999998
644
114.3667
646
116.524
648
116.1716
650
113.63049999999998
652
113.63429999999998
654
114.77040000000001
656
114.0129
658
117.8827
660
115.5755
662
116.52759999999999
664
115.7988
666
115.17600000000002
668
120.1852
670
119.40689999999998
672
117.86029999999998
674
116.63799999999999
676
118.339
678
119.8415
680
120.406
682
120.60310000000001
684
120.7028
686
122.6254
688
130.0207
690
121.85390000000001
692
128.3804
694
121.09130000000002
696
123.8926
698
166.1315
700
153.679
702
122.39879999999998
704
125.86620000000002
706
122.8303
708
123.0294
710
124.62500000000001
712
125.5734
714
126.96040000000002
716
124.51160000000002
718
127.38149999999999
720
126.1714
722
129.2884
724
125.9982
726
126.38830000000002
728
129.7604
730
127.2438
732
129.2343
734
127.809
736
130.8104
738
129.0569
740
131.4521
742
130.0259
744
132.6563
746
132.5072
748
132.9079
750
132.199
752
132.7235
754
133.4762
756
132.2662
758
134.8561
760
135.0886
762
135.6592
764
135.3244
766
136.8295
768
135.8261
770
136.686
772
135.8079
774
137.7178
776
137.7091
778
138.8176
780
138.2909
782
140.371
784
138.0308
786
140.002
788
140.2391
790
142.0863
792
141.4208
794
142.0345
796
144.3009
798
143.9195
800
143.3612
802
143.8563
804
141.1135
806
143.3912
808
143.9889
810
144.3099
812
143.3025
814
145.6162
816
145.9455
818
149.0007
820
146.3691
822
147.8143
824
146.374
826
147.8609
828
151.102
830
152.428
832
149.6777
834
148.6968
836
149.7602
838
147.9304
840
151.1655
842
151.0855
844
154.4366
846
153.1776
848
154.1117
850
157.8602
852
152.1395
854
153.525
856
152.5041
858
155.8257
860
154.3829
862
154.9203
864
154.8947
866
157.5898
868
155.6868
870
156.7915
872
156.6848
874
157.0255
876
159.7143
878
156.9498
880
158.3277
882
157.2055
884
158.0873
886
158.1699
888
158.7038
890
159.8446
892
158.0078
894
159.8249
896
160.3813
898
161.0923
900
160.9524
902
161.5658
904
164.2329
906
162.5077
908
165.2552
910
163.851
912
165.0596
914
168.4406
916
167.0793
918
167.1222
920
167.835
922
166.393
924
164.4986
926
166.4632
928
166.2918
930
167.5397
932
168.6337
934
168.1062
936
170.6617
938
168.9573
940
167.0435
942
169.9812
944
171.9569
946
171.9699
948
173.0558
950
169.1822
952
173.0271
954
218.9467
956
194.6466
958
175.1555
960
172.3953
962
175.7371
964
174.6764
966
173.0599
968
175.5874
970
176.4647
972
176.6675
974
175.9128
976
174.8571
978
176.0296
980
177.0415
982
175.8376
984
178.5321
986
177.247
988
178.0558
990
180.7971
992
177.8702
994
178.7618
996
181.9356
998
181.3338
1000
181.9388
1002
180.403
1004
180.5336
1006
182.0283
1008
180.9908
1010
180.225
1012
182.5222
1014
181.7222
1016
184.631
1018
184.2298
1020
181.8828
1022
183.5634
1024
184.4153
1026
184.7704
1028
188.6274
1030
187.2966
1032
184.5378
1034
188.2257
1036
187.4511
1038
187.1796
1040
189.8937
1042
189.0696
1044
188.6857
1046
188.4672
1048
190.5056
1050
191.3906
1052
192.3465
1054
192.6264
1056
192.0433
1058
191.0766
1060
194.9969
1062
193.8991
1064
193.0527
1066
194.678
1068
195.4769
1070
196.5914
1072
203.87530000000004
1074
199.5322
1076
197.1128
1078
196.2717
1080
199.0379
1082
201.0579
1084
195.8926
1086
197.4203
1088
200.77069999999998
1090
197.7055
1092
200.182
1094
200.20830000000004
1096
201.46069999999997
1098
200.1031
1100
203.1873
1102
204.979
1104
202.4768
1106
204.3878
1108
204.2951
1110
202.96919999999997
1112
202.8218
1114
206.63619999999997
1116
207.19940000000003
1118
207.1145
1120
207.02279999999996
1122
207.03110000000004
1124
208.6891
1126
210.66249999999997
1128
211.4611
1130
213.0538
1132
213.015
1134
208.7717
1136
211.6368
1138
208.7878
1140
213.1652
1142
246.196
1144
212.9724
1146
213.60709999999997
1148
210.6111
1150
211.04940000000002
1152
215.2179
1154
214.6021
1156
215.00900000000001
1158
214.0049
1160
217.6998
1162
215.02369999999996
1164
215.60350000000003
1166
215.889
1168
213.5528
1170
217.0133
1172
260.8105
1174
277.7819
1176
246.3877
1178
219.3855
1180
217.4335
1182
217.7345
1184
218.9896
1186
215.6745
1188
217.86820000000003
1190
218.30350000000004
1192
219.3048
1194
218.7222
1196
219.6144
1198
224.19500000000002
